1) 0.0, 0.0
2) 2.0, 0.6366197723675814
3) 2.6666666666666665, 0.8488263631567751
4) 3.0, 0.954929658551372
5) 2.4, 0.7639437268410976
6) 2.6666666666666665, 0.8488263631567751
7) 2.857142857142857, 0.9094568176679734
8) 3.0, 0.954929658551372
9) 3.111111111111111, 0.9902974236829044
10) 3.2, 1.0185916357881302
11) 3.272727272727273, 1.041741445692406
12) 3.3333333333333335, 1.061032953945969
13) 3.3846153846153846, 1.07735653785283
14) 3.142857142857143, 1.0004024994347707
15) 3.2, 1.0185916357881302
16) 3.25, 1.0345071300973196
17) 3.2941176470588234, 1.0485502133113105
18) 3.3333333333333335, 1.061032953945969
19) 3.3684210526315788, 1.0722017218822422
20) 3.4, 1.0822536130248883
21) 3.4285714285714284, 1.091348181201568
22) 3.4545454545454546, 1.099615970453095
23) 3.4782608695652173, 1.1071648215088372
24) 3.5, 1.1140846016432675
25) 3.52, 1.1204507993669433
26) 3.5384615384615383, 1.126327289573413
27) 3.5555555555555554, 1.1317684842090334
28) 3.5714285714285716, 1.1368210220849668
29) 3.586206896551724, 1.1415251090729046
30) 3.466666666666667, 1.1034742721038078
31) 3.4838709677419355, 1.1089505712209482
32) 3.5, 1.1140846016432675
33) 3.515151515151515, 1.1189074787066582
34) 3.5294117647058822, 1.1234466571192612
35) 3.5428571428571427, 1.127726453908287
36) 3.5555555555555554, 1.1317684842090334
37) 3.5675675675675675, 1.1355920263854153
38) 3.5789473684210527, 1.1392143294998824
39) 3.58974358974359, 1.1426508734802743
40) 3.6, 1.1459155902616465
41) 3.6097560975609757, 1.1490210525658786
42) 3.619047619047619, 1.1519786357127664
43) 3.627906976744186, 1.154798656852822
44) 3.6363636363636362, 1.1574904952137843
45) 3.6444444444444444, 1.1600626963142593
46) 3.5652173913043477, 1.1348439420465581
47) 3.4893617021276597, 1.1106983262583334
48) 3.5, 1.1140846016432675
49) 3.510204081632653, 1.1173326617063672
50) 3.52, 1.1204507993669433
51) 3.450980392156863, 1.0984811758499444
52) 3.4615384615384617, 1.1018419137131217
53) 3.4716981132075473, 1.1050758312795752
54) 3.4814814814814814, 1.1081899741213452
55) 3.4909090909090907, 1.1111908754052329
56) 3.5, 1.1140846016432675
57) 3.508771929824561, 1.1168767936273356
58) 3.5172413793103448, 1.1195727031291949
59) 3.5254237288135593, 1.122177225868279
60) 3.533333333333333, 1.124694931182727
61) 3.4754098360655736, 1.1062573093600594
62) 3.4838709677419355, 1.1089505712209482
63) 3.4285714285714284, 1.091348181201568
64) 3.4375, 1.0941902337567804
65) 3.3846153846153846, 1.07735653785283
66) 3.393939393939394, 1.080324462199532
67) 3.4029850746268657, 1.083203791789616
68) 3.411764705882353, 1.0859984352152858
69) 3.420289855072464, 1.08871207448369
70) 3.4285714285714284, 1.091348181201568
71) 3.436619718309859, 1.0939100313921821
72) 3.4444444444444446, 1.0964007190775014
73) 3.452054794520548, 1.0988231687440446
74) 3.4594594594594597, 1.1011801467979787
75) 3.4133333333333336, 1.0864977448406723
76) 3.4210526315789473, 1.0889548737866523
77) 3.4285714285714284, 1.091348181201568
78) 3.4358974358974357, 1.093680121759691
79) 3.4430379746835444, 1.0959530258479881
80) 3.45, 1.098169107334078
81) 3.45679012345679, 1.1003304707587827
82) 3.4634146341463414, 1.102439118002397
83) 3.4698795180722892, 1.1044969544690568
84) 3.4761904761904763, 1.1065057948293677
85) 3.4823529411764707, 1.1084673683576711
86) 3.488372093023256, 1.1103833238969443
87) 3.4942528735632186, 1.1122552344812917
88) 3.4545454545454546, 1.099615970453095
89) 3.460674157303371, 1.1015667971304217
90) 3.422222222222222, 1.0893271660511947
91) 3.4285714285714284, 1.091348181201568
92) 3.4347826086956523, 1.0933252612399766
93) 3.4408602150537635, 1.095259823428097
94) 3.404255319148936, 1.083608123178862
95) 3.4105263157894736, 1.0856042434057702
96) 3.4166666666666665, 1.087558777794618
97) 3.422680412371134, 1.0894730125053453
98) 3.4285714285714284, 1.091348181201568
99) 3.4343434343434343, 1.0931854677019073
100) 3.44, 1.09498600847224
1000) 3.228, 1.0275043126012764
10000) 3.1644, 1.0072598038399874
100000) 3.1372, 0.9986017749357882
1000000) 3.13922, 0.9992447609058793
